[gd_scene format=3 uid="uid://ru2s4b8adjo"]

[ext_resource type="PackedScene" uid="uid://dpkayn65c5wf2" path="res://carton/3Dcardboards/wall/wall.tscn" id="1_v8n6q"]
[ext_resource type="Texture2D" uid="uid://bu0jq5rop2wt3" path="res://addons/kenney_prototype_textures/light/texture_07.png" id="1_vpjuu"]
[ext_resource type="PackedScene" uid="uid://b8a0vav2gqvcg" path="res://carton/3Dcardboards/knight/knight.tscn" id="2_rsn10"]
[ext_resource type="Texture2D" uid="uid://dt4w8nooq6i5b" path="res://carton/paper_0009_1k/paper_0009_normal_directx_1k.png" id="3_7fwyp"]
[ext_resource type="Texture2D" uid="uid://cktr80sscioby" path="res://carton/paper_0009_1k/paper_0009_color_1k.jpg" id="3_15cu4"]
[ext_resource type="Texture2D" uid="uid://dthsikmo58ciq" path="res://carton/paper_0009_1k/paper_0009_normal_opengl_1k.png" id="4_oe7mt"]
[ext_resource type="Texture2D" uid="uid://b1rb783r5r7w7" path="res://entities/scenery/background/background.png" id="4_r47ec"]
[ext_resource type="PackedScene" uid="uid://c4amdjj53fb3d" path="res://carton/3Dcardboards/king/mad_king.tscn" id="5_xg04f"]
[ext_resource type="PackedScene" uid="uid://dm7riayv01aoj" path="res://carton/3Dcardboards/chandelier/chandelier.tscn" id="6_r4qdm"]
[ext_resource type="PackedScene" uid="uid://cmoh5erhg8ftq" path="res://carton/3Dcardboards/horn/horn.tscn" id="7_1hxc7"]
[ext_resource type="PackedScene" uid="uid://be0prrgukhrkt" path="res://carton/3Dcardboards/herse/herse.tscn" id="8_1027p"]
[ext_resource type="PackedScene" uid="uid://c432atnphqs7w" path="res://carton/3Dcardboards/cow/cow.tscn" id="10_xg04f"]
[ext_resource type="PackedScene" uid="uid://bn21pj7fdgghm" path="res://carton/3Dcardboards/dragon/dragon.tscn" id="11_r4qdm"]
[ext_resource type="PackedScene" uid="uid://bmq3jlb1anrhf" path="res://carton/3Dcardboards/border/border.tscn" id="11_xg04f"]
[ext_resource type="PackedScene" uid="uid://dgixb4l7nrgd1" path="res://VFX/dust_particles.tscn" id="13_1hxc7"]
[ext_resource type="PackedScene" uid="uid://c8qa52pajmfp7" path="res://carton/3Dcardboards/tapis/tapis.tscn" id="14_15cu4"]
[ext_resource type="Texture2D" uid="uid://hlxdsbmuyxjr" path="res://VFX/Textures/blur.png" id="14_1027p"]

[sub_resource type="StandardMaterial3D" id="StandardMaterial3D_0xm2m"]
albedo_color = Color(0.72428656, 0.29958177, 0.19783527, 1)
albedo_texture = ExtResource("3_15cu4")
albedo_texture_force_srgb = true
normal_enabled = true
normal_texture = ExtResource("3_7fwyp")
uv1_scale = Vector3(0.2, 0.2, 0.2)
uv1_triplanar = true
uv1_world_triplanar = true

[sub_resource type="BoxMesh" id="BoxMesh_h2yge"]

[sub_resource type="StandardMaterial3D" id="StandardMaterial3D_lquwl"]
albedo_color = Color(0.7254902, 0.78431374, 0.78431374, 1)
albedo_texture = ExtResource("3_15cu4")
normal_enabled = true
normal_texture = ExtResource("4_oe7mt")
uv1_scale = Vector3(0.2, 0.2, 0.2)
uv1_triplanar = true
uv1_world_triplanar = true

[sub_resource type="StandardMaterial3D" id="StandardMaterial3D_ig7tw"]
albedo_color = Color(0.5568628, 1, 0.25490198, 1)
albedo_texture = ExtResource("1_vpjuu")
uv1_triplanar = true
uv1_world_triplanar = true

[sub_resource type="StandardMaterial3D" id="StandardMaterial3D_h2yge"]
albedo_color = Color(0.41415069, 0.26748028, 0.08667608, 1)
uv1_triplanar = true
uv1_world_triplanar = true

[sub_resource type="StandardMaterial3D" id="StandardMaterial3D_272bh"]
albedo_texture = ExtResource("1_vpjuu")
uv1_triplanar = true
uv1_world_triplanar = true

[sub_resource type="BoxMesh" id="BoxMesh_5vw27"]

[sub_resource type="StandardMaterial3D" id="StandardMaterial3D_7mycd"]
albedo_color = Color(0.20392157, 0.05490196, 0.02745098, 1)
albedo_texture = ExtResource("1_vpjuu")
uv1_triplanar = true
uv1_world_triplanar = true

[sub_resource type="CapsuleMesh" id="CapsuleMesh_272bh"]

[sub_resource type="StandardMaterial3D" id="StandardMaterial3D_dfg05"]
transparency = 1
diffuse_mode = 3
albedo_color = Color(1, 1, 1, 0.16470589)
albedo_texture = ExtResource("14_1027p")
emission_enabled = true
emission = Color(1, 1, 1, 1)
billboard_mode = 3
billboard_keep_scale = true
particles_anim_h_frames = 1
particles_anim_v_frames = 1
particles_anim_loop = false
proximity_fade_enabled = true

[sub_resource type="QuadMesh" id="QuadMesh_15cu4"]
material = SubResource("StandardMaterial3D_dfg05")
size = Vector2(0.02, 0.02)

[node name="TheatreScene" type="Node3D" unique_id=814067477]

[node name="Wall" parent="." unique_id=1569451564 instance=ExtResource("1_v8n6q")]
transform = Transform3D(-13.1, 0, -7.54979e-07, 0, 5, 0, 1.978045e-06, 0, -5, -0.6407337, 2.8829699, 3.817027)

[node name="MeshInstance3D" type="MeshInstance3D" parent="." unique_id=276157703]
transform = Transform3D(21.158024, 0, 0, 0, 0.44524917, 0, 0, 0, 3.6222339, -0.50124836, 0.16087198, 2.6273727)
material_override = SubResource("StandardMaterial3D_0xm2m")
mesh = SubResource("BoxMesh_h2yge")

[node name="MeshInstance3D21" type="MeshInstance3D" parent="." unique_id=1058338370]
transform = Transform3D(3.2394567, 0.00089019176, 0.00029776664, -0.0057952264, 0.51246315, 0.010860661, -0.0037341698, -0.023051415, 0.24145828, -0.00032825768, 1.9806701, -1.7192054)
material_override = SubResource("StandardMaterial3D_lquwl")
mesh = SubResource("BoxMesh_h2yge")

[node name="MeshInstance3D22" type="MeshInstance3D" parent="." unique_id=1710820116]
transform = Transform3D(0.07961764, 0, 0, 0, 0.5248944, 0.0013206045, 0, -0.023284541, 0.029769877, -0.26940632, 2.0489988, -1.6892407)
material_override = SubResource("StandardMaterial3D_ig7tw")
mesh = SubResource("BoxMesh_h2yge")

[node name="MeshInstance3D3" type="MeshInstance3D" parent="." unique_id=1911664294]
transform = Transform3D(7.7982745, 0, 0, 0, 0.44063544, 0, 0, 0, 2.6391542, 0, -0.7945018, -0.54719734)
material_override = SubResource("StandardMaterial3D_h2yge")
mesh = SubResource("BoxMesh_h2yge")

[node name="MeshInstance3D10" type="MeshInstance3D" parent="." unique_id=855875628]
transform = Transform3D(7.7982745, 0, 0, 0, -0.02909198, 1.0536666, 0, -0.45655453, -0.06714038, 0, -0.5220783, -0.16311598)
material_override = SubResource("StandardMaterial3D_h2yge")
mesh = SubResource("BoxMesh_h2yge")

[node name="MeshInstance3D11" type="MeshInstance3D" parent="." unique_id=245101343]
transform = Transform3D(7.7982745, 0, 0, 0, -0.02909198, 1.0536666, 0, -0.45655453, -0.06714038, 0, -0.6188729, -1.8146915)
material_override = SubResource("StandardMaterial3D_h2yge")
mesh = SubResource("BoxMesh_h2yge")

[node name="MeshInstance3D4" type="MeshInstance3D" parent="." unique_id=1356373043]
transform = Transform3D(7.7982745, 0, 0, 0, 0.0033833408, -1.1078875, 0, 0.4425769, 0.008469399, 0, -0.68226266, 0.150311)
material_override = SubResource("StandardMaterial3D_h2yge")
mesh = SubResource("BoxMesh_h2yge")

[node name="MeshInstance3D27" type="MeshInstance3D" parent="." unique_id=1779286923]
transform = Transform3D(2.6904607, 0, 0, 0, 1.1623489, 0, 0, 0, 0.08636668, 3.3757558, 4.216172, 1.617806)
visible = false
material_override = SubResource("StandardMaterial3D_272bh")
mesh = SubResource("BoxMesh_5vw27")

[node name="MeshInstance3D28" type="MeshInstance3D" parent="." unique_id=838689635]
transform = Transform3D(2.6904607, 0, 0, 0, 1.1623489, 0, 0, 0, 0.08636668, -3.0576644, 4.512533, 2.5478196)
visible = false
material_override = SubResource("StandardMaterial3D_272bh")
mesh = SubResource("BoxMesh_5vw27")

[node name="MeshInstance3D26" type="MeshInstance3D" parent="." unique_id=1846064952]
transform = Transform3D(1.2628009, 0, 0, 0, 3.924143, 0, 0, 0, 0.08636668, 6.544452, 1.5482832, 1.8271389)
visible = false
material_override = SubResource("StandardMaterial3D_272bh")
mesh = SubResource("BoxMesh_5vw27")

[node name="Node3D" type="Node3D" parent="." unique_id=806130277]
transform = Transform3D(1, 0, 0, 0, 1, 0, 0, 0, 1, 0, -0.3041154, -0.37863255)

[node name="MeshInstance3D7" type="MeshInstance3D" parent="Node3D" unique_id=1745814669]
transform = Transform3D(0.6712458, 0, 0, 0, 0.948956, 0, 0, 0, 0.28313547, -2.5280461, 0.33964872, 0.78881216)
material_override = SubResource("StandardMaterial3D_7mycd")
mesh = SubResource("CapsuleMesh_272bh")

[node name="MeshInstance3D8" type="MeshInstance3D" parent="Node3D" unique_id=57464366]
transform = Transform3D(0.6712458, 0, 0, 0, 0.948956, 0, 0, 0, 0.28313547, -1.6340213, 0.3529414, 0.78881216)
material_override = SubResource("StandardMaterial3D_7mycd")
mesh = SubResource("CapsuleMesh_272bh")

[node name="MeshInstance3D9" type="MeshInstance3D" parent="Node3D" unique_id=1596440797]
transform = Transform3D(0.6712458, 0, 0, 0, 0.948956, 0, 0, 0, 0.28313547, -0.78751826, 0.3529414, 0.78881216)
material_override = SubResource("StandardMaterial3D_7mycd")
mesh = SubResource("CapsuleMesh_272bh")

[node name="MeshInstance3D12" type="MeshInstance3D" parent="Node3D" unique_id=1323093242]
transform = Transform3D(0.6712459, 0, 0, 0, 0.94895613, 0, 0, 0, 0.28313547, 0.037874937, 0.3529414, 0.78881216)
material_override = SubResource("StandardMaterial3D_7mycd")
mesh = SubResource("CapsuleMesh_272bh")

[node name="MeshInstance3D13" type="MeshInstance3D" parent="Node3D" unique_id=929207664]
transform = Transform3D(0.6712458, 0, 0, 0, 0.948956, 0, 0, 0, 0.28313547, 0.84049463, 0.3529414, 0.78881216)
material_override = SubResource("StandardMaterial3D_7mycd")
mesh = SubResource("CapsuleMesh_272bh")

[node name="MeshInstance3D14" type="MeshInstance3D" parent="Node3D" unique_id=1486968777]
transform = Transform3D(0.6712458, 0, 0, 0, 0.948956, 0, 0, 0, 0.28313547, 1.7345195, 0.3529414, 0.78881216)
material_override = SubResource("StandardMaterial3D_7mycd")
mesh = SubResource("CapsuleMesh_272bh")

[node name="MeshInstance3D15" type="MeshInstance3D" parent="Node3D" unique_id=418768920]
transform = Transform3D(0.6712458, 0, 0, 0, 0.948956, 0, 0, 0, 0.28313547, 2.5810225, 0.3529414, 0.78881216)
material_override = SubResource("StandardMaterial3D_7mycd")
mesh = SubResource("CapsuleMesh_272bh")

[node name="MeshInstance3D16" type="MeshInstance3D" parent="Node3D" unique_id=1312930862]
transform = Transform3D(0.39371368, 0, 0, 0, 0.20889418, 0, 0, 0, 0.28313547, 2.5810225, 1.3669574, 0.78881216)
material_override = SubResource("StandardMaterial3D_7mycd")
mesh = SubResource("CapsuleMesh_272bh")

[node name="MeshInstance3D17" type="MeshInstance3D" parent="Node3D" unique_id=657810484]
transform = Transform3D(0.39371368, 0, 0, 0, 0.20889418, 0, 0, 0, 0.28313547, 1.7204864, 1.3669574, 0.78881216)
material_override = SubResource("StandardMaterial3D_7mycd")
mesh = SubResource("CapsuleMesh_272bh")

[node name="MeshInstance3D18" type="MeshInstance3D" parent="Node3D" unique_id=1702979331]
transform = Transform3D(0.39371368, 0, 0, 0, 0.20889418, 0, 0, 0, 0.28313547, 0.81798923, 1.3669574, 0.78881216)
material_override = SubResource("StandardMaterial3D_7mycd")
mesh = SubResource("CapsuleMesh_272bh")

[node name="MeshInstance3D19" type="MeshInstance3D" parent="Node3D" unique_id=1691428394]
transform = Transform3D(0.39371368, 0, 0, 0, 0.20889418, 0, 0, 0, 0.28313547, 0.00027143955, 1.3669574, 0.78881216)
material_override = SubResource("StandardMaterial3D_7mycd")
mesh = SubResource("CapsuleMesh_272bh")

[node name="MeshInstance3D20" type="MeshInstance3D" parent="Node3D" unique_id=642651703]
transform = Transform3D(0.39371368, 0, 0, 0, 0.20889418, 0, 0, 0, 0.28313547, -0.736955, 1.3669574, 0.78881216)
material_override = SubResource("StandardMaterial3D_7mycd")
mesh = SubResource("CapsuleMesh_272bh")

[node name="MeshInstance3D21" type="MeshInstance3D" parent="Node3D" unique_id=1203749790]
transform = Transform3D(0.39371368, 0, 0, 0, 0.20889418, 0, 0, 0, 0.28313547, -1.688367, 1.3669574, 0.78881216)
material_override = SubResource("StandardMaterial3D_7mycd")
mesh = SubResource("CapsuleMesh_272bh")

[node name="MeshInstance3D22" type="MeshInstance3D" parent="Node3D" unique_id=678083559]
transform = Transform3D(0.39371368, 0, 0, 0, 0.20889418, 0, 0, 0, 0.28313547, -2.4744263, 1.3669574, 0.78881216)
material_override = SubResource("StandardMaterial3D_7mycd")
mesh = SubResource("CapsuleMesh_272bh")

[node name="Camera3D" type="Camera3D" parent="." unique_id=356183010]
transform = Transform3D(-0.99999803, 0.0018779158, -0.0006346515, 0.0018191794, 0.99659187, 0.08247014, 0.00078736054, 0.08246882, -0.99659336, -0.3704396, 2.5399058, -2.0036309)

[node name="LightLeft" type="SpotLight3D" parent="." unique_id=1000414162]
transform = Transform3D(0.5314248, -0.56377506, 0.6322544, -0.7793163, -0.032817136, 0.62577105, -0.33204535, -0.8252763, -0.45679888, 5.0872107, 4.850341, -2.99688)
light_color = Color(1.129497, 1.1119101, 0.97466743, 1)
light_energy = 4.0
spot_range = 15.0
spot_angle = 34.51

[node name="LightRight" type="SpotLight3D" parent="." unique_id=811234208]
transform = Transform3D(-0.43600637, -0.68834263, -0.5797266, -0.7797458, -0.032680955, 0.6252427, -0.44932732, 0.72464913, -0.5224831, -5.8238297, 4.850341, -2.3838882)
light_color = Color(1.1338254, 1.1367571, 0.9688917, 1)
light_energy = 4.0
spot_range = 15.0
spot_angle = 28.61

[node name="ChandelierLight" type="SpotLight3D" parent="." unique_id=1447028576]
transform = Transform3D(0.16862231, -0.9712803, -0.16787267, -0.0063593783, -0.1713799, 0.9851845, -0.98566025, -0.16505653, -0.03507521, -0.5054045, 6.057675, 2.6286616)
light_color = Color(1.0518116, 1.0518116, 0.44291607, 1)
light_energy = 16.0
spot_range = 8.433
spot_attenuation = 1.4
spot_angle = 28.69

[node name="red_spot" type="SpotLight3D" parent="." unique_id=716039743]
transform = Transform3D(0.16862229, -0.9712803, -0.16787271, -0.12788384, -0.19042963, 0.97333574, -0.97734964, -0.14265789, -0.15632172, -3.897838, 6.6598997, 1.2702591)
light_color = Color(3.2944162, 0.82927567, 0.82927567, 1)
light_energy = 1.5
light_indirect_energy = 6.0
light_bake_mode = 0
spot_range = 8.0
spot_angle = 20.0

[node name="red_spot_2" type="SpotLight3D" parent="." unique_id=1196863905]
transform = Transform3D(0.072699085, -0.99585843, 0.05459871, -0.12983166, 0.044828244, 0.99052215, -0.9888673, -0.079098694, -0.12603496, 3.0904002, 6.4420753, 1.4919856)
light_color = Color(3.2944162, 0.82927567, 0.82927567, 1)
light_energy = 1.5
light_indirect_energy = 6.0
light_bake_mode = 0
spot_range = 8.0
spot_angle = 20.0

[node name="orange_spot" type="SpotLight3D" parent="." unique_id=754201487]
transform = Transform3D(-0.98927414, 0.105760045, -0.10075555, -0.08272546, 0.16284467, 0.98317766, 0.12038842, 0.98096704, -0.152349, -1.9011931, 6.6027946, 1.1773429)
light_color = Color(2.9669967, 1.3660103, 0, 1)
light_energy = 1.5
light_indirect_energy = 6.0
light_bake_mode = 0
spot_range = 8.0
spot_angle = 20.0

[node name="orange_spot_22" type="SpotLight3D" parent="." unique_id=86439847]
transform = Transform3D(0.9905726, -0.13602988, 0.01618792, -0.05014199, -0.25006795, 0.9669292, -0.12748317, -0.9586251, -0.2545312, 1.3775191, 6.6040406, 1.1978636)
light_color = Color(2.9669967, 1.3660103, 0, 1)
light_energy = 1.5
light_indirect_energy = 6.0
light_bake_mode = 0
spot_range = 8.0
spot_angle = 20.0

[node name="yellow_spot" type="SpotLight3D" parent="." unique_id=422215712]
transform = Transform3D(-0.98050904, 0.18061581, -0.077330686, -0.039344925, 0.20511615, 0.9779466, 0.19249438, 0.9619279, -0.19401194, -5.6591787, 6.629084, 1.1966183)
light_color = Color(2.2101762, 1.902436, 0, 1)
light_energy = 1.5
light_indirect_energy = 6.0
light_bake_mode = 0
spot_range = 8.0
spot_angle = 20.0

[node name="yellow_spot_22" type="SpotLight3D" parent="." unique_id=1604384220]
transform = Transform3D(0.9659417, -0.24734336, 0.076013796, -0.10172987, -0.09289141, 0.9904659, -0.23792405, -0.964465, -0.11488986, 4.918858, 6.4558597, 1.2874475)
light_color = Color(2.2101762, 1.902436, 0, 1)
light_energy = 1.5
light_indirect_energy = 6.0
light_bake_mode = 0
spot_range = 8.0
spot_angle = 20.0

[node name="BackLight" type="SpotLight3D" parent="." unique_id=615163551]
transform = Transform3D(-1, 1.4521147e-15, -8.7422784e-08, -4.3857984e-08, 0.86505514, 0.50167686, 7.562552e-08, 0.50167686, -0.86505514, 0, 4.2656107, -5.4079723)
light_color = Color(1.161201, 1.1413023, 1.1220638, 1)
light_indirect_energy = 1.3
spot_range = 16.624
spot_attenuation = 0.2
spot_angle = 40.62

[node name="Sprite3D" type="Sprite3D" parent="." unique_id=955975264]
transform = Transform3D(-1, 0, -1.509958e-07, 0, 1, 0, 1.509958e-07, 0, -1, -1.0358963, 5.0135946, 7.4405117)
texture = ExtResource("4_r47ec")

[node name="MadKing" parent="." unique_id=263734070 instance=ExtResource("5_xg04f")]
transform = Transform3D(-1.6, 0, -1.7484555e-07, 0, 2, 0, 1.3987645e-07, 0, -2, -3.9558759, 1.2863286, 2)

[node name="Chandelier" parent="." unique_id=1891042531 instance=ExtResource("6_r4qdm")]
transform = Transform3D(2, 0, 0, 0, 1.6, 0, 0, 0, 1.6, -0.18339112, 4.1768627, 1.9875224)

[node name="Horn" parent="." unique_id=663205281 instance=ExtResource("7_1hxc7")]
transform = Transform3D(1.6, 0, 0, 0, 1.6, 0, 0, 0, 1.6, -4.9003606, 2.9512963, 2.3880968)

[node name="Horn2" parent="." unique_id=31394489 instance=ExtResource("7_1hxc7")]
transform = Transform3D(1.6, 0, 0, 0, 1.6, 0, 0, 0, 1.6, -4.860007, 3.4437656, 1.8712091)

[node name="Herse" parent="." unique_id=2104592546 instance=ExtResource("8_1027p")]
transform = Transform3D(-3, 0, -7.54979e-07, 0, 5, 0, 4.5298742e-07, 0, -5, 5.0088763, 5.4482927, 3.9196062)

[node name="Cow" parent="." unique_id=1879863676 instance=ExtResource("10_xg04f")]
transform = Transform3D(-2.3, 0, -2.0107238e-07, 0, 2.3, 0, 2.0107238e-07, 0, -2.3, 5.329977, 1.4847078, 1.2895038)

[node name="Dragon" parent="." unique_id=521331207 instance=ExtResource("11_r4qdm")]
transform = Transform3D(3.3006783, 0.71982014, 0, -0.815796, 2.9123633, 0, 0, 0, 2.9999995, 2.1023927, 2.8616333, 6.7969255)

[node name="Knight" parent="." unique_id=1290083251 instance=ExtResource("2_rsn10")]
transform = Transform3D(1.3, 0, 0, 0, 2, 0, 0, 0, 2, -0.7928251, 1.3890936, 2)

[node name="Border" parent="." unique_id=195769391 instance=ExtResource("11_xg04f")]
transform = Transform3D(11, 0, 0, 0, 6, 0, 0, 0, 1, -0.17333889, 2.1501837, 1.0046821)

[node name="DustParticles" parent="." unique_id=832185072 instance=ExtResource("13_1hxc7")]
transform = Transform3D(4, 0, 0, 0, 1, 0, 0, 0, 1, -0.17059416, 2.8956504, -0.15478265)
amount = 500
speed_scale = 0.05
explosiveness = 0.8
draw_pass_1 = SubResource("QuadMesh_15cu4")

[node name="Tapis" parent="." unique_id=633612956 instance=ExtResource("14_15cu4")]
transform = Transform3D(8, 0, 0, 0, 0.6, 0, 0, 0, 1, 0, 0.48617506, 3.4845343)

[node name="Tapis2" parent="." unique_id=83925355 instance=ExtResource("14_15cu4")]
transform = Transform3D(8, 0, 0, 0, 0.6, 0, 0, 0, 1, 0, 0.44473636, 2.419076)

[node name="Tapis3" parent="." unique_id=988506100 instance=ExtResource("14_15cu4")]
transform = Transform3D(8, 0, 0, 0, 0.6, 0, 0, 0, 1, 0, 0.48617506, 1.2618487)
